300,0,300.17921,	84.14,	100.00
300,1,	301.18207,	13.91,	16.53
300,2,	302.18434,	1.77,	2.10
300,3,	303.18674,	0.17,	0.20
300,4,	304.18907,	0.01,	0.01
300,5,	305.19145,	0.00,	0.00
300,6,	306.19441,	0.00,	0.00
350,0,350.15847,	81.21,	100.00
350,1,	351.16142,	16.16,	19.90
350,2,	352.16376,	2.35,	2.90
350,3,	353.16621,	0.26,	0.31
350,4,	354.16858,	0.02,	0.03
350,5,	355.17094,	0.00,	0.00
350,6,	356.17446,	0.00,	0.00
400,0,400.25545,	78.99,	100.00
400,1,	401.25836,	17.92,	22.68
400,2,	402.26079,	2.75,	3.48
400,3,	403.26324,	0.32,	0.40
400,4,	404.26565,	0.03,	0.04
400,5,	405.26801,	0.00,	0.00
400,6,	406.27029,	0.00,	0.00
450,0,450.22213,	76.83,	100.00
450,1,	451.22500,	19.41,	25.27
450,2,	452.22742,	3.29,	4.29
450,3,	453.22985,	0.42,	0.55
450,4,	454.23223,	0.04,	0.06
450,5,	455.23460,	0.00,	0.00
450,6,	456.23681,	0.00,	0.00
500,0,500.2953,	74.84,	100.00
500,1,	501.29822,	20.73,	27.70
500,2,	502.30068,	3.83,	5.12
500,3,	503.30315,	0.53,	0.71
500,4,	504.30556,	0.06,	0.08
500,5,	505.30794,	0.01,	0.01
500,6,	506.31040,	0.00,	0.00
500,7,	507.31386,	0.00,	0.00
550,0,550.39227,	72.79,	100.00
550,1,	551.39518,	22.19,	30.48
550,2,	552.39769,	4.31,	5.92
550,3,	553.40017,	0.63,	0.86
550,4,	554.40259,	0.07,	0.10
550,5,	555.40499,	0.01,	0.01
550,6,	556.40737,	0.00,	0.00
550,7,	557.41083,	0.00,	0.00
600,0,600.37154,	70.25,	100.00
600,1,	601.37448,	23.78,	33.85
600,2,	602.37705,	5.05,	7.19
600,3,	603.37956,	0.80,	1.14
600,4,	604.38201,	0.10,	0.15
600,5,	605.38444,	0.01,	0.02
600,6,	606.38687,	0.00,	0.00
600,7,	607.39035,	0.00,	0.00
650,0,650.33823,	68.33,	100.00
650,1,	651.34113,	24.89,	36.43
650,2,	652.34368,	5.66,	8.29
650,3,	653.34618,	0.96,	1.41
650,4,	654.34862,	0.13,	0.19
650,5,	655.35104,	0.02,	0.02
650,6,	656.35346,	0.00,	0.00
650,7,	657.35578,	0.00,	0.00
700,0,700.4352,	66.46,	100.00
700,1,	701.43809,	26.07,	39.22
700,2,	702.44067,	6.20,	9.33
700,3,	703.44318,	1.10,	1.65
700,4,	704.44564,	0.16,	0.24
700,5,	705.44808,	0.02,	0.03
700,6,	706.45051,	0.00,	0.00
700,7,	707.45279,	0.00,	0.00
750,0,750.50837,	64.75,	100.00
750,1,	751.51130,	26.96,	41.64
750,2,	752.51391,	6.80,	10.50
750,3,	753.51644,	1.27,	1.97
750,4,	754.51892,	0.19,	0.30
750,5,	755.52138,	0.02,	0.04
750,6,	756.52384,	0.00,	0.00
750,7,	757.52604,	0.00,	0.00
800,0,800.38115,	62.39,	100.00
800,1,	801.38405,	28.18,	45.17
800,2,	802.38666,	7.62,	12.21
800,3,	803.38918,	1.53,	2.45
800,4,	804.39166,	0.25,	0.40
800,5,	805.39411,	0.03,	0.05
800,6,	806.39657,	0.00,	0.01
800,7,	807.39920,	0.00,	0.00
800,8,	808.40306,	0.00,	0.00
850,0,850.5846,	60.78,	100.00
850,1,	851.58755,	29.05,	47.80
850,2,	852.59022,	8.16,	13.42
850,3,	853.59279,	1.69,	2.78
850,4,	854.59531,	0.28,	0.46
850,5,	855.59780,	0.04,	0.07
850,6,	856.60028,	0.00,	0.01
850,7,	857.60297,	0.00,	0.00
850,8,	858.60652,	0.00,	0.00
900,0,900.55129,	59.11,	100.00
900,1,	901.55421,	29.78,	50.38
900,2,	902.55686,	8.80,	14.88
900,3,	903.55942,	1.91,	3.24
900,4,	904.56193,	0.34,	0.57
900,5,	905.56440,	0.05,	0.08
900,6,	906.56687,	0.01,	0.01
900,7,	907.56938,	0.00,	0.00
900,8,	908.57321,	0.00,	0.00
950,0,950.51798,	57.50,	100.00
950,1,	951.52088,	30.45,	52.96
950,2,	952.52351,	9.43,	16.41
950,3,	953.52606,	2.15,	3.74
950,4,	954.52856,	0.40,	0.69
950,5,	955.53102,	0.06,	0.11
950,6,	956.53347,	0.01,	0.01
950,7,	957.53605,	0.00,	0.00
950,8,	958.53850,	0.00,	0.00
1000,0,999.71361,	56.02,	100.00
1000,1,	1000.71654,	31.13,	55.58
1000,2,	1001.71923,	9.98,	17.81
1000,3,	1002.72182,	2.34,	4.18
1000,4,	1003.72436,	0.44,	0.79
1000,5,	1004.72686,	0.07,	0.13
1000,6,	1005.72934,	0.01,	0.02
1000,7,	1006.73197,	0.00,	0.00
1000,8,	1007.73424,	0.00,	0.00
1100,0,1099.65956,	52.59,	100.00
1100,1,	1100.66250,	32.36,	61.53
1100,2,	1101.66519,	11.40,	21.67
1100,3,	1102.66780,	2.93,	5.57
1100,4,	1103.67035,	0.61,	1.15
1100,5,	1104.67285,	0.11,	0.20
1100,6,	1105.67534,	0.02,	0.03
1100,7,	1106.67784,	0.00,	0.00
1100,8,	1107.68028,	0.00,	0.00
1200,0,1199.72322,	49.75,	100.00
1200,1,	1200.72613,	33.28,	66.90
1200,2,	1201.72882,	12.59,	25.30
1200,3,	1202.73143,	3.46,	6.95
1200,4,	1203.73398,	0.76,	1.53
1200,5,	1204.73649,	0.14,	0.28
1200,6,	1205.73896,	0.02,	0.05
1200,7,	1206.74147,	0.00,	0.01
1200,8,	1207.74422,	0.00,	0.00
1200,9,	1208.74849,	0.00,	0.00
1300,0,1299.79946,	46.70,	100.00
1300,1,	1300.80238,	34.11,	73.05
1300,2,	1301.80511,	13.91,	29.78
1300,3,	1302.80774,	4.09,	8.76
1300,4,	1303.81031,	0.96,	2.06
1300,5,	1304.81285,	0.19,	0.41
1300,6,	1305.81535,	0.03,	0.07
1300,7,	1306.81787,	0.00,	0.01
1300,8,	1307.82046,	0.00,	0.00
1300,9,	1308.82347,	0.00,	0.00
1400,0,1399.56099,	42.25,	100.00
1400,1,	1400.56385,	33.11,	78.37
1400,2,	1401.56542,	16.31,	38.61
1400,3,	1402.56685,	5.99,	14.18
1400,4,	1403.56832,	1.78,	4.20
1400,5,	1404.56990,	0.44,	1.05
1400,6,	1405.57158,	0.10,	0.23
1400,7,	1406.57335,	0.02,	0.04
1400,8,	1407.57525,	0.00,	0.01
1400,9,	1408.57739,	0.00,	0.00
1400,10,	1409.57869,	0.00,	0.00
1500,0,1499.63722,	39.66,	100.00
1500,1,	1500.64010,	33.52,	84.52
1500,2,	1501.64183,	17.37,	43.80
1500,3,	1502.64335,	6.69,	16.86
1500,4,	1503.64489,	2.07,	5.23
1500,5,	1504.64651,	0.54,	1.37
1500,6,	1505.64822,	0.12,	0.31
1500,7,	1506.65001,	0.02,	0.06
1500,8,	1507.65192,	0.00,	0.01
1500,9,	1508.65404,	0.00,	0.00
1500,10,	1509.65606,	0.00,	0.00
1600,0,1599.70089,	37.52,	100.00
1600,1,	1600.70375,	33.73,	89.89
1600,2,	1601.70557,	18.26,	48.66
1600,3,	1602.70716,	7.31,	19.49
1600,4,	1603.70873,	2.36,	6.29
1600,5,	1604.71037,	0.64,	1.71
1600,6,	1605.71210,	0.15,	0.40
1600,7,	1606.71389,	0.03,	0.08
1600,8,	1607.71582,	0.01,	0.02
1600,9,	1608.71768,	0.00,	0.00
1600,10,	1609.71865,	0.00,	0.00
1700,0,1699.64684,	35.22,	100.00
1700,1,	1700.64970,	33.75,	95.84
1700,2,	1701.65163,	19.21,	54.56
1700,3,	1702.65331,	8.07,	22.91
1700,4,	1703.65495,	2.73,	7.74
1700,5,	1704.65663,	0.78,	2.20
1700,6,	1705.65838,	0.19,	0.54
1700,7,	1706.66020,	0.04,	0.12
1700,8,	1707.66213,	0.01,	0.02
1700,9,	1708.66398,	0.00,	0.00
1700,10,	1709.66612,	0.00,	0.00
1800,0,1799.81698,	33.37,	98.96
1800,1,	1800.81986,	33.72,	100.00
1800,2,	1801.82187,	19.98,	59.24
1800,3,	1802.82362,	8.70,	25.80
1800,4,	1803.82531,	3.04,	9.02
1800,5,	1804.82703,	0.90,	2.66
1800,6,	1805.82881,	0.23,	0.68
1800,7,	1806.83065,	0.05,	0.15
1800,8,	1807.83258,	0.01,	0.03
1800,9,	1808.83444,	0.00,	0.01
1800,10,	1809.83720,	0.00,	0.00
1900,0,1899.98712,	31.62,	94.10
1900,1,	1900.99001,	33.60,	100.00
1900,2,	1901.99209,	20.69,	61.59
1900,3,	1902.99391,	9.33,	27.78
1900,4,	1903.99566,	3.38,	10.05
1900,5,	1904.99742,	1.03,	3.06
1900,6,	1905.99922,	0.27,	0.81
1900,7,	1907.00108,	0.06,	0.19
1900,8,	1908.00302,	0.01,	0.04
1900,9,	1909.00503,	0.00,	0.01
1900,10,	1910.00733,	0.00,	0.00
2000,0,1999.93307,	29.68,	89.11
2000,1,	2000.93596,	33.31,	100.00
2000,2,	2001.93812,	21.47,	64.45
2000,3,	2002.94001,	10.10,	30.32
2000,4,	2003.94181,	3.81,	11.43
2000,5,	2004.94361,	1.21,	3.62
2000,6,	2005.94544,	0.33,	1.00
2000,7,	2006.94733,	0.08,	0.24
2000,8,	2007.94927,	0.02,	0.05
2000,9,	2008.95138,	0.00,	0.01
2000,10,	2009.95335,	0.00,	0.00
2000,11,	2010.95522,	0.00,	0.00
2100,0,2099.99674,	28.08,	85.04
2100,1,	2100.99961,	33.02,	100.00
2100,2,	2102.00181,	22.09,	66.91
2100,3,	2103.00374,	10.75,	32.56
2100,4,	2104.00558,	4.18,	12.67
2100,5,	2105.00740,	1.37,	4.14
2100,6,	2106.00925,	0.39,	1.18
2100,7,	2107.01114,	0.10,	0.29
2100,8,	2108.01308,	0.02,	0.07
2100,9,	2109.01519,	0.00,	0.01
2100,10,	2110.01712,	0.00,	0.00
2100,11,	2111.01773,	0.00,	0.00
